
 1, 1
 2, 1
 3, 1
 4, 2
 5, 3
 6, 4
 7, 6
 8, 7
 9, 6
 10, 6
 11, 6
 12, 7
 13, 7
 14, 8
 15, 8
 16, 8
 17, 9
 18, 9
 19, 10
 20, 11
 21, 11
 22, 12
 23, 13
 24, 13
 25, 13
 26, 13
 27, 13
 28, 13
 29, 13
 30, 13
 31, 13
 32, 13
 33, 13
 34, 13
 35, 13
 36, 14
 37, 14
 38, 15
 39, 15
 40, 15
 41, 16
 42, 17
 43, 18
 44, 19
 45, 20
 46, 21
 47, 20
 48, 20
 49, 19
 50, 19
 51, 19
 52, 19
 53, 19
 54, 19
 55, 19
 56, 19
 57, 19
 58, 18
 59, 18
 60, 18
 61, 18
 62, 19
 63, 20
 64, 21
 65, 21
 66, 21
 67, 21
 68, 21
 69, 21
 70, 21
 71, 21
 72, 21
 73, 22
 74, 22
 75, 22
 76, 22
 77, 22
 78, 22
 79, 22
 80, 22
 81, 21
 82, 21
 83, 21
 84, 22
 85, 22
 86, 23
 87, 23
 88, 23
 89, 23
 90, 23
 91, 23
 92, 23
 93, 23
 94, 23
 95, 23
 96, 23
 97, 23
 98, 23
 99, 23
 100, 23
 101, 23
 102, 23
 103, 23
 104, 23
 105, 22
 106, 22
 107, 23
 108, 24
 109, 24
 110, 25
 111, 26
 112, 26
 113, 27
 114, 28
 115, 29
 116, 30
 117, 30
 118, 30
 119, 30
 120, 29
 121, 28
 122, 28
 123, 29
 124, 30
 125, 30
 126, 31
 127, 32
 128, 32
 129, 32
 130, 32
 131, 33
 132, 34
 133, 34
 134, 35
 135, 36
 136, 36
 137, 39
 138, 39
 139, 40
 140, 41
 141, 41
 142, 42
 143, 43
 144, 43
 145, 45
 146, 46
 147, 47
 148, 48
 149, 50
 150, 51
 151, 53
 152, 53
 153, 57
 154, 58
 155, 59
 156, 61
 157, 63
 158, 65
 159, 67
 160, 67
 161, 70
 162, 71
 163, 73
 164, 75
 165, 77
 166, 80
 167, 81
 168, 82
 169, 86
 170, 87
 171, 88
 172, 90
 173, 92
 174, 94
 175, 96
 176, 96
 177, 96
 178, 98
 179, 100
 180, 101
 181, 101
 182, 103
 183, 107
 184, 109
 185, 112
 186, 114
 187, 117
 188, 121
 189, 125
 190, 128
 191, 130
 192, 131
 193, 128
 194, 132
 195, 137
 196, 141
 197, 145
 198, 149
 199, 154
 200, 157
 201, 163
 202, 165
 203, 168
 204, 169
 205, 171
 206, 173
 207, 177
 208, 180
 209, 186
 210, 189
 211, 193
 212, 195
 213, 197
 214, 199
 215, 203
 216, 205
 217, 211
 218, 215
 219, 220
 220, 225
 221, 229
 222, 232
 223, 236
 224, 239
 225, 243
 226, 242
 227, 242
 228, 245
 229, 248
 230, 251
 231, 252
 232, 252
 233, 252
 234, 253
 235, 254
 236, 255
 237, 255
 238, 255
 239, 255
 240, 254
 241, 254
 242, 254
 243, 254
 244, 254
 245, 254
 246, 254
 247, 254
 248, 254
 249, 254
 250, 254
 251, 254
 252, 254
 253, 254
 254, 254
 255, 254
 256, 254
 257, 254
 258, 254
 259, 254
 260, 254
 261, 254
 262, 254
 263, 254
 264, 254
 265, 254
 266, 254
 267, 254
 268, 254
 269, 254
 270, 254
 271, 254
 272, 254
 273, 254
 274, 254
 275, 254
 276, 254
 277, 254
 278, 254
 279, 254
 280, 254
 281, 254
 282, 254
 283, 254
 284, 254
 285, 254
 286, 254
 287, 254
 288, 254
 289, 254
 290, 254
 291, 254
 292, 254
 293, 254
 294, 254
 295, 254
 296, 254
 297, 254
 298, 254
 299, 254
 300, 254
 301, 254
 302, 254
 303, 254
 304, 254
 305, 254
 306, 254
 307, 254
 308, 254
 309, 254
 310, 254
 311, 254
 312, 254
 313, 254
 314, 254
 315, 254
 316, 254
 317, 254
 318, 254
 319, 254
 320, 254
 321, 254
 322, 254
 323, 254
 324, 254
 325, 254
 326, 254
 327, 254
 328, 254
 329, 254
 330, 254
 331, 254
 332, 254
 333, 254
 334, 254
 335, 254
 336, 254
 337, 254
 338, 254
 339, 254
 340, 254
 341, 254
 342, 254
 343, 254
 344, 254
 345, 254
 346, 254
 347, 254
 348, 254
 349, 254
 350, 254
 351, 254
 352, 254
 353, 254
 354, 254
 355, 254
 356, 254
 357, 254
 358, 254
 359, 254
 360, 254
 361, 254
 362, 254
 363, 254
 364, 254
 365, 254
 366, 254
 367, 254
 368, 254
 369, 254
 370, 254
 371, 254
 372, 254
 373, 254
 374, 254
 375, 254
 376, 254
 377, 254
 378, 254
 379, 254
 380, 254
 381, 254
 382, 254
 383, 254
 384, 254
 385, 254
 386, 254
 387, 254
 388, 254
 389, 254
 390, 254
 391, 254
 392, 254
 393, 254
 394, 254
 395, 254
 396, 254
 397, 254
 398, 254
 399, 254
 400, 254
 401, 255
 402, 255
 403, 255
 404, 254
 405, 253
 406, 252
 407, 251
 408, 250
 409, 248
 410, 247
 411, 246
 412, 243
 413, 240
 414, 237
 415, 234
 416, 232
 417, 226
 418, 223
 419, 219
 420, 215
 421, 212
 422, 208
 423, 202
 424, 198
 425, 191
 426, 189
 427, 187
 428, 185
 429, 182
 430, 178
 431, 173
 432, 169
 433, 164
 434, 160
 435, 155
 436, 151
 437, 149
 438, 149
 439, 147
 440, 146
 441, 143
 442, 137
 443, 132
 444, 131
 445, 130
 446, 125
 447, 123
 448, 125
 449, 124
 450, 123
 451, 121
 452, 119
 453, 117
 454, 116
 455, 116
 456, 115
 457, 114
 458, 112
 459, 109
 460, 108
 461, 109
 462, 110
 463, 110
 464, 109
 465, 112
 466, 109
 467, 102
 468, 93
 469, 89
 470, 87
 471, 81
 472, 73
 473, 74
 474, 80
 475, 85
 476, 85
 477, 79
 478, 74
 479, 73
 480, 74
 481, 73
 482, 71
 483, 69
 484, 66
 485, 64
 486, 64
 487, 64
 488, 64
 489, 63
 490, 60
 491, 62
 492, 66
 493, 66
 494, 60
 495, 56
 496, 56
 497, 59
 498, 54
 499, 52
 500, 55
 501, 56
 502, 53
 503, 51
 504, 53
 505, 49
 506, 49
 507, 50
 508, 50
 509, 50
 510, 49
 511, 48
 512, 47
 513, 46
 514, 46
 515, 46
 516, 45
 517, 45
 518, 44
 519, 44
 520, 44
 521, 44
 522, 44
 523, 44
 524, 43
 525, 43
 526, 42
 527, 42
 528, 42
 529, 42
 530, 42
 531, 42
 532, 42
 533, 42
 534, 42
 535, 42
 536, 42
 537, 42
 538, 41
 539, 39
 540, 38
 541, 37
 542, 36
 543, 36
 544, 36
 545, 35
 546, 34
 547, 33
 548, 32
 549, 32
 550, 32
 551, 32
 552, 33
 553, 31
 554, 31
 555, 31
 556, 30
 557, 30
 558, 29
 559, 29
 560, 29
 561, 28
 562, 28
 563, 28
 564, 27
 565, 27
 566, 26
 567, 26
 568, 26
 569, 24
 570, 24
 571, 23
 572, 22
 573, 22
 574, 21
 575, 20
 576, 20
 577, 20
 578, 20
 579, 20
 580, 19
 581, 19
 582, 18
 583, 18
 584, 18
 585, 18
 586, 18
 587, 18
 588, 17
 589, 17
 590, 16
 591, 16
 592, 16
 593, 15
 594, 15
 595, 15
 596, 14
 597, 14
 598, 13
 599, 13
 600, 13
 601, 12
 602, 12
 603, 12
 604, 12
 605, 12
 606, 12
 607, 12
 608, 12
 609, 11
 610, 11
 611, 11
 612, 11
 613, 11
 614, 11
 615, 11
 616, 11
 617, 10
 618, 10
 619, 10
 620, 10
 621, 10
 622, 10
 623, 10
 624, 10
 625, 10
 626, 10
 627, 10
 628, 10
 629, 10
 630, 10
 631, 10
 632, 10
 633, 8
 634, 9
 635, 10
 636, 8
 637, 4
 638, 1
 639, 0
 640, 0